172
2 0 28
2 1 35
2 2 93
2 3 97
2 4 190
2 5 196
2 6 197
2 7 252
2 8 286
2 9 333
2 10 369
2 11 420
2 12 423
2 13 441
2 14 33
2 17 47
2 18 165
2 21 300
2 15 326
2 20 482
2 19 256
2 36 279
2 56 299
2 64 306
2 24 315
2 48 322
2 52 330
2 46 421
2 141 454
2 73 86
2 72 154
2 108 189
2 182 212
2 156 334
2 352 358
2 34 414
2 162 492
2 120 219
2 158 213
2 170 177
2 266 301
2 319 329
2 337 350
2 298 410
2 240 443
2 166 462
2 23 484
2 175 495
2 38 155
2 111 486
2 65 113
2 210 261
2 71 221
2 234 264
2 310 463
2 123 371
2 376 452
2 203 434
2 159 448
2 360 451
2 193 475
2 60 324
2 61 149
2 91 147
2 181 356
3 95 187 433
3 41 199 277
3 54 208 236
3 99 231 396
3 31 201 249
3 79 258 273
3 104 271 405
3 186 288 385
3 105 218 292
3 25 117 311
3 116 242 320
3 27 214 367
3 90 387 439
3 139 362 409
3 136 419 498
3 217 430 455
3 89 114 445
3 121 302 473
3 225 353 499
3 32 55 163
3 180 188 394
3 192 235 276
3 230 294 422
3 59 263 412
3 268 345 442
3 69 278 283
3 328 397 449
3 336 424 474
3 81 348 384
3 106 351 400
3 45 364 388
3 16 375 429
3 107 391 407
3 50 392 437
3 80 399 467
3 40 403 444
3 44 109 427
3 26 128 431
3 76 138 438
3 78 200 447
3 66 144 459
3 92 148 472
3 101 115 497
3 22 124 153
3 29 129 185
3 70 164 172
3 100 195 251
3 112 204 254
3 119 207 269
3 132 226 304
3 151 237 247
3 152 245 280
3 160 259 267
3 174 274 285
3 198 282 284
3 233 289 332
3 244 307 341
3 295 325 339
3 347 359 363
3 361 372 373
4 365 378 395 468
4 377 411 453 490
4 51 379 401 460
4 37 39 42 390
4 30 43 57 425
4 49 53 62 432
4 58 63 67 446
4 74 75 77 450
4 68 82 85 461
4 87 88 102 494
4 83 94 98 118
4 84 103 122 125
4 96 110 126 127
4 130 133 134 137
4 131 140 142 143
4 135 145 146 150
4 157 161 168 169
4 167 171 173 178
4 176 179 183 184
4 191 202 206 215
4 194 209 216 222
4 205 211 220 223
4 224 227 228 238
4 229 232 239 241
4 243 246 248 250
4 253 255 257 260
4 262 265 270 272
4 275 287 290 291
4 281 293 296 297
4 303 305 308 313
4 309 314 316 317
4 312 318 321 323
4 327 331 335 338
4 340 342 343 344
4 346 349 355 357
4 354 366 368 370
4 374 380 381 383
4 382 386 389 398
4 393 402 406 408
4 404 413 415 416
4 417 418 426 435
4 428 436 440 456
4 457 458 464 465
4 466 469 470 471
4 476 477 478 479
4 480 481 483 485
4 487 488 489 493